% vertices=40
% convexHullPoints=8
% convexHullArea=0.869634715379096
% mstWeight=1118
% meanDistances=58.295
% sdDistances=28.4988699950432

edge(7,21).
edge(9,18).
edge(20,23).
edge(11,35).
edge(14,36).
edge(3,12).
edge(16,19).
edge(10,22).
edge(22,35).
edge(11,21).
edge(2,12).
edge(11,27).
edge(10,11).
edge(7,30).
edge(14,25).
edge(33,39).
edge(7,35).
edge(32,39).
edge(6,40).
edge(4,25).
edge(3,37).
edge(18,23).
edge(12,15).
edge(13,19).
edge(2,14).
edge(19,35).
edge(15,27).
edge(11,22).
edge(4,20).
edge(2,28).
edge(11,25).
edge(3,31).
edge(4,14).
edge(2,40).
edge(6,39).
edge(22,23).
edge(6,15).
edge(1,20).
edge(8,29).
edge(13,29).
edge(18,34).
edge(13,30).
edge(26,37).
edge(13,14).
edge(20,37).
edge(1,17).
edge(2,3).
edge(21,35).
edge(23,30).
edge(25,29).
edge(4,28).
edge(29,34).
edge(16,36).
edge(25,37).
edge(7,17).
edge(13,34).
edge(13,32).
edge(4,30).
edge(4,16).
edge(17,39).
edge(17,21).
edge(23,24).
edge(30,40).
edge(8,27).
edge(32,40).
edge(20,27).
edge(17,25).
edge(37,39).
edge(16,40).
edge(15,17).
edge(11,24).
edge(4,17).
edge(24,25).
edge(2,4).
edge(18,39).
edge(9,30).
edge(13,24).
edge(20,26).
edge(4,19).
edge(9,34).
edge(14,26).
edge(4,7).
edge(27,39).
edge(15,30).
edge(22,27).
edge(19,32).
edge(10,31).
edge(11,15).
edge(2,35).
edge(20,40).
edge(15,34).
edge(5,23).
edge(16,37).
edge(29,39).
edge(14,40).
edge(30,34).
edge(33,34).
edge(22,38).
edge(7,22).
edge(16,20).
edge(4,11).
edge(2,36).
edge(18,30).
edge(19,23).
edge(1,16).
edge(27,38).
edge(9,19).
edge(2,25).
edge(12,28).
edge(23,40).
edge(1,36).
edge(12,19).
edge(32,35).
edge(32,37).
edge(36,39).
edge(25,30).
edge(1,32).
edge(18,40).
edge(1,29).
edge(25,38).
edge(4,38).
edge(28,35).
edge(20,22).
edge(8,40).
edge(10,29).
edge(30,36).
edge(8,24).
edge(3,19).
edge(27,32).
edge(9,25).
edge(32,33).
edge(8,38).
edge(7,29).
edge(1,34).
edge(25,36).
edge(14,22).
edge(27,37).
edge(37,38).
edge(6,38).
edge(3,34).
edge(29,32).
edge(8,26).
edge(6,30).
edge(10,33).
edge(21,40).
edge(20,34).
edge(33,36).
edge(19,38).
edge(14,19).
edge(6,22).
edge(11,20).
edge(11,23).
edge(27,31).
edge(31,32).
edge(17,27).
edge(4,6).
edge(13,33).
edge(39,40).
edge(23,36).
edge(14,24).
edge(6,18).
edge(7,8).
edge(15,22).
edge(9,24).
edge(7,23).
edge(17,26).
edge(27,28).
edge(5,28).
edge(3,9).
edge(27,34).
edge(13,18).
edge(10,19).
edge(5,40).
edge(5,35).
edge(15,24).
edge(16,29).
edge(14,29).
edge(5,22).
edge(35,40).
edge(15,31).
edge(9,16).
edge(34,39).
edge(23,28).
edge(35,38).
edge(11,12).
edge(21,27).
edge(2,19).
edge(1,26).
edge(3,7).
edge(15,32).
edge(10,24).
edge(16,30).
edge(27,29).
edge(15,40).
edge(3,30).
edge(1,4).
edge(5,34).
edge(5,16).
edge(12,22).
edge(14,21).
edge(24,39).
edge(8,16).
edge(2,23).
edge(14,33).
edge(16,24).
edge(5,36).
edge(17,23).
edge(4,23).
edge(13,39).
edge(18,38).
edge(34,40).
edge(8,35).
edge(21,31).
edge(12,13).
edge(24,40).
edge(4,40).
edge(26,31).
edge(5,24).
edge(33,35).
edge(23,37).
edge(18,21).
edge(19,26).
edge(29,40).
edge(3,17).
edge(5,19).
edge(18,35).
edge(15,39).
edge(33,37).
edge(4,9).
edge(15,25).
edge(30,31).
edge(26,28).
edge(25,34).
edge(20,31).
edge(3,15).
edge(18,24).
edge(23,25).
edge(21,22).
edge(2,34).
edge(20,32).
edge(9,40).
edge(34,37).
edge(13,25).
edge(21,36).
edge(36,38).
edge(22,28).
edge(24,26).
edge(22,24).
edge(26,40).
edge(28,33).
edge(12,30).
edge(8,37).
edge(1,6).
edge(10,25).
edge(16,28).
edge(1,21).
edge(5,38).
edge(3,5).
edge(22,39).
edge(2,32).
edge(15,33).
edge(19,20).
edge(9,21).
edge(4,31).
edge(4,22).
edge(2,5).
edge(38,39).
edge(6,14).
edge(25,39).
edge(7,26).
edge(12,35).
edge(8,20).
edge(5,32).
edge(22,25).
edge(14,17).
edge(9,28).
edge(3,18).
edge(11,34).
edge(14,18).
edge(25,28).
edge(9,27).
edge(7,18).
edge(4,29).
edge(1,9).
edge(6,36).
edge(6,10).
edge(10,15).
edge(10,35).
edge(4,5).
edge(14,38).
edge(14,35).
edge(16,27).
edge(12,34).
edge(28,39).
edge(32,34).
edge(11,36).
edge(24,36).
edge(10,28).
edge(5,14).
edge(19,22).
edge(7,36).
edge(9,11).
edge(24,29).
edge(3,35).
edge(5,31).
edge(1,8).
edge(3,38).
edge(1,28).
edge(24,28).
edge(22,30).
edge(8,11).
edge(12,31).
edge(4,26).
edge(23,39).
edge(2,8).
edge(30,32).
edge(7,31).
edge(18,36).
edge(17,33).
edge(24,38).
edge(7,10).
edge(8,22).
edge(5,13).
edge(27,40).
edge(8,18).
edge(12,39).
edge(21,28).
edge(6,26).
edge(14,23).
edge(16,22).
edge(12,24).
edge(5,30).
edge(26,35).
edge(24,31).
edge(8,17).
edge(5,21).
edge(29,36).
edge(18,28).
edge(28,38).
edge(13,23).
edge(29,38).
edge(3,25).
edge(1,5).
edge(17,18).
edge(4,18).
edge(17,24).
edge(13,21).
edge(36,40).
edge(4,21).
edge(18,27).
edge(4,15).
edge(14,30).
edge(7,28).
edge(26,34).
edge(12,26).
edge(6,13).
edge(21,29).
edge(3,11).
edge(6,34).
edge(30,33).
edge(9,36).
edge(6,29).
edge(17,32).
edge(12,21).
edge(6,37).
edge(8,33).
edge(8,15).
edge(21,26).
edge(3,13).
edge(28,31).
edge(30,37).
edge(28,34).
edge(20,35).
edge(15,21).
edge(15,23).
edge(9,37).
edge(14,37).
edge(19,29).
edge(2,21).
edge(9,33).
edge(18,26).
edge(34,35).
edge(10,37).
edge(19,28).
edge(19,40).
edge(19,27).
edge(6,24).
edge(4,12).
edge(2,7).
edge(13,38).
edgewt(7,21,46).
edgewt(9,18,81).
edgewt(20,23,75).
edgewt(11,35,20).
edgewt(14,36,64).
edgewt(3,12,18).
edgewt(16,19,88).
edgewt(10,22,120).
edgewt(22,35,84).
edgewt(11,21,46).
edgewt(2,12,66).
edgewt(11,27,78).
edgewt(10,11,78).
edgewt(7,30,31).
edgewt(14,25,73).
edgewt(33,39,82).
edgewt(7,35,107).
edgewt(32,39,23).
edgewt(6,40,97).
edgewt(4,25,79).
edgewt(3,37,31).
edgewt(18,23,58).
edgewt(12,15,43).
edgewt(13,19,79).
edgewt(2,14,54).
edgewt(19,35,33).
edgewt(15,27,21).
edgewt(11,22,75).
edgewt(4,20,78).
edgewt(2,28,90).
edgewt(11,25,60).
edgewt(3,31,75).
edgewt(4,14,89).
edgewt(2,40,55).
edgewt(6,39,46).
edgewt(22,23,86).
edgewt(6,15,72).
edgewt(1,20,47).
edgewt(8,29,73).
edgewt(13,29,66).
edgewt(18,34,87).
edgewt(13,30,49).
edgewt(26,37,85).
edgewt(13,14,51).
edgewt(20,37,55).
edgewt(1,17,109).
edgewt(2,3,75).
edgewt(21,35,66).
edgewt(23,30,48).
edgewt(25,29,29).
edgewt(4,28,86).
edgewt(29,34,18).
edgewt(16,36,44).
edgewt(25,37,85).
edgewt(7,17,33).
edgewt(13,34,73).
edgewt(13,32,21).
edgewt(4,30,46).
edgewt(4,16,21).
edgewt(17,39,17).
edgewt(17,21,48).
edgewt(23,24,23).
edgewt(30,40,71).
edgewt(8,27,38).
edgewt(32,40,69).
edgewt(20,27,59).
edgewt(17,25,90).
edgewt(37,39,127).
edgewt(16,40,87).
edgewt(15,17,47).
edgewt(11,24,82).
edgewt(4,17,34).
edgewt(24,25,85).
edgewt(2,4,57).
edgewt(18,39,63).
edgewt(9,30,32).
edgewt(13,24,17).
edgewt(20,26,39).
edgewt(4,19,92).
edgewt(9,34,40).
edgewt(14,26,35).
edgewt(4,7,16).
edgewt(27,39,45).
edgewt(15,30,48).
edgewt(22,27,97).
edgewt(19,32,80).
edgewt(10,31,62).
edgewt(11,15,60).
edgewt(2,35,101).
edgewt(20,40,54).
edgewt(15,34,70).
edgewt(5,23,90).
edgewt(16,37,124).
edgewt(29,39,67).
edgewt(14,40,28).
edgewt(30,34,25).
edgewt(33,34,20).
edgewt(22,38,58).
edgewt(7,22,60).
edgewt(16,20,72).
edgewt(4,11,104).
edgewt(2,36,60).
edgewt(18,30,64).
edgewt(19,23,92).
edgewt(1,16,114).
edgewt(27,38,49).
edgewt(9,19,75).
edgewt(2,25,94).
edgewt(12,28,52).
edgewt(23,40,87).
edgewt(1,36,91).
edgewt(12,19,30).
edgewt(32,35,105).
edgewt(32,37,111).
edgewt(36,39,44).
edgewt(25,30,46).
edgewt(1,32,101).
edgewt(18,40,38).
edgewt(1,29,65).
edgewt(25,38,62).
edgewt(4,38,23).
edgewt(28,35,52).
edgewt(20,22,59).
edgewt(8,40,13).
edgewt(10,29,84).
edgewt(30,36,16).
edgewt(8,24,55).
edgewt(3,19,43).
edgewt(27,32,23).
edgewt(9,25,59).
edgewt(32,33,83).
edgewt(8,38,79).
edgewt(7,29,52).
edgewt(1,34,81).
edgewt(25,36,41).
edgewt(14,22,84).
edgewt(27,37,100).
edgewt(37,38,111).
edgewt(6,38,25).
edgewt(3,34,76).
edgewt(29,32,61).
edgewt(8,26,39).
edgewt(6,30,26).
edgewt(10,33,112).
edgewt(21,40,52).
edgewt(20,34,39).
edgewt(33,36,39).
edgewt(19,38,70).
edgewt(14,19,41).
edgewt(6,22,35).
edgewt(11,20,26).
edgewt(11,23,100).
edgewt(27,31,31).
edgewt(31,32,17).
edgewt(17,27,29).
edgewt(4,6,38).
edgewt(13,33,91).
edgewt(39,40,91).
edgewt(23,36,49).
edgewt(14,24,57).
edgewt(6,18,86).
edgewt(7,8,85).
edgewt(15,22,93).
edgewt(9,24,47).
edgewt(7,23,28).
edgewt(17,26,36).
edgewt(27,28,88).
edgewt(5,28,80).
edgewt(3,9,100).
edgewt(27,34,74).
edgewt(13,18,21).
edgewt(10,19,87).
edgewt(5,40,11).
edgewt(5,35,58).
edgewt(15,24,34).
edgewt(16,29,66).
edgewt(14,29,46).
edgewt(5,22,104).
edgewt(35,40,69).
edgewt(15,31,38).
edgewt(9,16,32).
edgewt(34,39,63).
edgewt(23,28,92).
edgewt(35,38,100).
edgewt(11,12,18).
edgewt(21,27,39).
edgewt(2,19,81).
edgewt(1,26,74).
edgewt(3,7,97).
edgewt(15,32,39).
edgewt(10,24,52).
edgewt(16,30,43).
edgewt(27,29,66).
edgewt(15,40,31).
edgewt(3,30,68).
edgewt(1,4,124).
edgewt(5,34,83).
edgewt(5,16,89).
edgewt(12,22,79).
edgewt(14,21,30).
edgewt(24,39,28).
edgewt(8,16,78).
edgewt(2,23,36).
edgewt(14,33,73).
edgewt(16,24,24).
edgewt(5,36,83).
edgewt(17,23,11).
edgewt(4,23,25).
edgewt(13,39,43).
edgewt(18,38,67).
edgewt(34,40,89).
edgewt(8,35,78).
edgewt(21,31,26).
edgewt(12,13,63).
edgewt(24,40,64).
edgewt(4,40,103).
edgewt(26,31,22).
edgewt(5,24,67).
edgewt(33,35,70).
edgewt(23,37,127).
edgewt(18,21,50).
edgewt(19,26,58).
edgewt(29,40,73).
edgewt(3,17,93).
edgewt(5,19,59).
edgewt(18,35,98).
edgewt(15,39,61).
edgewt(33,37,86).
edgewt(4,9,20).
edgewt(15,25,86).
edgewt(30,31,23).
edgewt(26,28,68).
edgewt(25,34,22).
edgewt(20,31,48).
edgewt(3,15,50).
edgewt(18,24,37).
edgewt(23,25,90).
edgewt(21,22,63).
edgewt(2,34,74).
edgewt(20,32,62).
edgewt(9,40,99).
edgewt(34,37,88).
edgewt(13,25,93).
edgewt(21,36,35).
edgewt(36,38,21).
edgewt(22,28,33).
edgewt(24,26,23).
edgewt(22,24,85).
edgewt(26,40,46).
edgewt(28,33,19).
edgewt(12,30,52).
edgewt(8,37,74).
edgewt(1,6,100).
edgewt(10,25,113).
edgewt(16,28,87).
edgewt(1,21,64).
edgewt(5,38,84).
edgewt(3,5,24).
edgewt(22,39,80).
edgewt(2,32,19).
edgewt(15,33,85).
edgewt(19,20,20).
edgewt(9,21,50).
edgewt(4,31,37).
edgewt(4,22,72).
edgewt(2,5,59).
edgewt(38,39,23).
edgewt(6,14,74).
edgewt(25,39,85).
edgewt(7,26,47).
edgewt(12,35,37).
edgewt(8,20,56).
edgewt(5,32,72).
edgewt(22,25,17).
edgewt(14,17,70).
edgewt(9,28,67).
edgewt(3,18,67).
edgewt(11,34,59).
edgewt(14,18,48).
edgewt(25,28,17).
edgewt(9,27,63).
edgewt(7,18,72).
edgewt(4,29,67).
edgewt(1,9,111).
edgewt(6,36,11).
edgewt(6,10,98).
edgewt(10,15,27).
edgewt(10,35,95).
edgewt(4,5,104).
edgewt(14,38,68).
edgewt(14,35,50).
edgewt(16,27,42).
edgewt(12,34,60).
edgewt(28,39,88).
edgewt(32,34,63).
edgewt(11,36,70).
edgewt(24,36,48).
edgewt(10,28,104).
edgewt(5,14,20).
edgewt(19,22,54).
edgewt(7,36,25).
edgewt(9,11,90).
edgewt(24,29,60).
edgewt(3,35,35).
edgewt(5,31,67).
edgewt(1,8,64).
edgewt(3,38,89).
edgewt(1,28,65).
edgewt(24,28,83).
edgewt(22,30,48).
edgewt(8,11,62).
edgewt(12,31,61).
edgewt(4,26,58).
edgewt(23,39,8).
edgewt(2,8,44).
edgewt(30,32,40).
edgewt(7,31,26).
edgewt(18,36,77).
edgewt(17,33,88).
edgewt(24,38,33).
edgewt(7,10,86).
edgewt(8,22,110).
edgewt(5,13,56).
edgewt(27,40,49).
edgewt(8,18,26).
edgewt(12,39,88).
edgewt(21,28,50).
edgewt(6,26,55).
edgewt(14,23,79).
edgewt(16,22,81).
edgewt(12,24,68).
edgewt(5,30,68).
edgewt(26,35,80).
edgewt(24,31,17).
edgewt(8,17,67).
edgewt(5,21,48).
edgewt(29,36,29).
edgewt(18,28,98).
edgewt(28,38,66).
edgewt(13,23,38).
edgewt(29,38,46).
edgewt(3,25,81).
edgewt(1,5,43).
edgewt(17,18,47).
edgewt(4,18,79).
edgewt(17,24,13).
edgewt(13,21,39).
edgewt(36,40,87).
edgewt(4,21,60).
edgewt(18,27,19).
edgewt(4,15,74).
edgewt(14,30,49).
edgewt(7,28,71).
edgewt(26,34,55).
edgewt(12,26,45).
edgewt(6,13,68).
edgewt(21,29,28).
edgewt(3,11,24).
edgewt(6,34,23).
edgewt(30,33,44).
edgewt(9,36,21).
edgewt(6,29,37).
edgewt(17,32,9).
edgewt(12,21,35).
edgewt(6,37,107).
edgewt(8,33,101).
edgewt(8,15,22).
edgewt(21,26,19).
edgewt(3,13,72).
edgewt(28,31,68).
edgewt(30,37,87).
edgewt(28,34,28).
edgewt(20,35,45).
edgewt(15,21,31).
edgewt(15,23,57).
edgewt(9,37,119).
edgewt(14,37,51).
edgewt(19,29,26).
edgewt(2,21,41).
edgewt(9,33,56).
edgewt(18,26,33).
edgewt(34,35,73).
edgewt(10,37,92).
edgewt(19,28,23).
edgewt(19,40,68).
edgewt(19,27,78).
edgewt(6,24,55).
edgewt(4,12,95).
edgewt(2,7,51).
edgewt(13,38,48).
edgewt(21,7,46).
edgewt(18,9,81).
edgewt(23,20,75).
edgewt(35,11,20).
edgewt(36,14,64).
edgewt(12,3,18).
edgewt(19,16,88).
edgewt(22,10,120).
edgewt(35,22,84).
edgewt(21,11,46).
edgewt(12,2,66).
edgewt(27,11,78).
edgewt(11,10,78).
edgewt(30,7,31).
edgewt(25,14,73).
edgewt(39,33,82).
edgewt(35,7,107).
edgewt(39,32,23).
edgewt(40,6,97).
edgewt(25,4,79).
edgewt(37,3,31).
edgewt(23,18,58).
edgewt(15,12,43).
edgewt(19,13,79).
edgewt(14,2,54).
edgewt(35,19,33).
edgewt(27,15,21).
edgewt(22,11,75).
edgewt(20,4,78).
edgewt(28,2,90).
edgewt(25,11,60).
edgewt(31,3,75).
edgewt(14,4,89).
edgewt(40,2,55).
edgewt(39,6,46).
edgewt(23,22,86).
edgewt(15,6,72).
edgewt(20,1,47).
edgewt(29,8,73).
edgewt(29,13,66).
edgewt(34,18,87).
edgewt(30,13,49).
edgewt(37,26,85).
edgewt(14,13,51).
edgewt(37,20,55).
edgewt(17,1,109).
edgewt(3,2,75).
edgewt(35,21,66).
edgewt(30,23,48).
edgewt(29,25,29).
edgewt(28,4,86).
edgewt(34,29,18).
edgewt(36,16,44).
edgewt(37,25,85).
edgewt(17,7,33).
edgewt(34,13,73).
edgewt(32,13,21).
edgewt(30,4,46).
edgewt(16,4,21).
edgewt(39,17,17).
edgewt(21,17,48).
edgewt(24,23,23).
edgewt(40,30,71).
edgewt(27,8,38).
edgewt(40,32,69).
edgewt(27,20,59).
edgewt(25,17,90).
edgewt(39,37,127).
edgewt(40,16,87).
edgewt(17,15,47).
edgewt(24,11,82).
edgewt(17,4,34).
edgewt(25,24,85).
edgewt(4,2,57).
edgewt(39,18,63).
edgewt(30,9,32).
edgewt(24,13,17).
edgewt(26,20,39).
edgewt(19,4,92).
edgewt(34,9,40).
edgewt(26,14,35).
edgewt(7,4,16).
edgewt(39,27,45).
edgewt(30,15,48).
edgewt(27,22,97).
edgewt(32,19,80).
edgewt(31,10,62).
edgewt(15,11,60).
edgewt(35,2,101).
edgewt(40,20,54).
edgewt(34,15,70).
edgewt(23,5,90).
edgewt(37,16,124).
edgewt(39,29,67).
edgewt(40,14,28).
edgewt(34,30,25).
edgewt(34,33,20).
edgewt(38,22,58).
edgewt(22,7,60).
edgewt(20,16,72).
edgewt(11,4,104).
edgewt(36,2,60).
edgewt(30,18,64).
edgewt(23,19,92).
edgewt(16,1,114).
edgewt(38,27,49).
edgewt(19,9,75).
edgewt(25,2,94).
edgewt(28,12,52).
edgewt(40,23,87).
edgewt(36,1,91).
edgewt(19,12,30).
edgewt(35,32,105).
edgewt(37,32,111).
edgewt(39,36,44).
edgewt(30,25,46).
edgewt(32,1,101).
edgewt(40,18,38).
edgewt(29,1,65).
edgewt(38,25,62).
edgewt(38,4,23).
edgewt(35,28,52).
edgewt(22,20,59).
edgewt(40,8,13).
edgewt(29,10,84).
edgewt(36,30,16).
edgewt(24,8,55).
edgewt(19,3,43).
edgewt(32,27,23).
edgewt(25,9,59).
edgewt(33,32,83).
edgewt(38,8,79).
edgewt(29,7,52).
edgewt(34,1,81).
edgewt(36,25,41).
edgewt(22,14,84).
edgewt(37,27,100).
edgewt(38,37,111).
edgewt(38,6,25).
edgewt(34,3,76).
edgewt(32,29,61).
edgewt(26,8,39).
edgewt(30,6,26).
edgewt(33,10,112).
edgewt(40,21,52).
edgewt(34,20,39).
edgewt(36,33,39).
edgewt(38,19,70).
edgewt(19,14,41).
edgewt(22,6,35).
edgewt(20,11,26).
edgewt(23,11,100).
edgewt(31,27,31).
edgewt(32,31,17).
edgewt(27,17,29).
edgewt(6,4,38).
edgewt(33,13,91).
edgewt(40,39,91).
edgewt(36,23,49).
edgewt(24,14,57).
edgewt(18,6,86).
edgewt(8,7,85).
edgewt(22,15,93).
edgewt(24,9,47).
edgewt(23,7,28).
edgewt(26,17,36).
edgewt(28,27,88).
edgewt(28,5,80).
edgewt(9,3,100).
edgewt(34,27,74).
edgewt(18,13,21).
edgewt(19,10,87).
edgewt(40,5,11).
edgewt(35,5,58).
edgewt(24,15,34).
edgewt(29,16,66).
edgewt(29,14,46).
edgewt(22,5,104).
edgewt(40,35,69).
edgewt(31,15,38).
edgewt(16,9,32).
edgewt(39,34,63).
edgewt(28,23,92).
edgewt(38,35,100).
edgewt(12,11,18).
edgewt(27,21,39).
edgewt(19,2,81).
edgewt(26,1,74).
edgewt(7,3,97).
edgewt(32,15,39).
edgewt(24,10,52).
edgewt(30,16,43).
edgewt(29,27,66).
edgewt(40,15,31).
edgewt(30,3,68).
edgewt(4,1,124).
edgewt(34,5,83).
edgewt(16,5,89).
edgewt(22,12,79).
edgewt(21,14,30).
edgewt(39,24,28).
edgewt(16,8,78).
edgewt(23,2,36).
edgewt(33,14,73).
edgewt(24,16,24).
edgewt(36,5,83).
edgewt(23,17,11).
edgewt(23,4,25).
edgewt(39,13,43).
edgewt(38,18,67).
edgewt(40,34,89).
edgewt(35,8,78).
edgewt(31,21,26).
edgewt(13,12,63).
edgewt(40,24,64).
edgewt(40,4,103).
edgewt(31,26,22).
edgewt(24,5,67).
edgewt(35,33,70).
edgewt(37,23,127).
edgewt(21,18,50).
edgewt(26,19,58).
edgewt(40,29,73).
edgewt(17,3,93).
edgewt(19,5,59).
edgewt(35,18,98).
edgewt(39,15,61).
edgewt(37,33,86).
edgewt(9,4,20).
edgewt(25,15,86).
edgewt(31,30,23).
edgewt(28,26,68).
edgewt(34,25,22).
edgewt(31,20,48).
edgewt(15,3,50).
edgewt(24,18,37).
edgewt(25,23,90).
edgewt(22,21,63).
edgewt(34,2,74).
edgewt(32,20,62).
edgewt(40,9,99).
edgewt(37,34,88).
edgewt(25,13,93).
edgewt(36,21,35).
edgewt(38,36,21).
edgewt(28,22,33).
edgewt(26,24,23).
edgewt(24,22,85).
edgewt(40,26,46).
edgewt(33,28,19).
edgewt(30,12,52).
edgewt(37,8,74).
edgewt(6,1,100).
edgewt(25,10,113).
edgewt(28,16,87).
edgewt(21,1,64).
edgewt(38,5,84).
edgewt(5,3,24).
edgewt(39,22,80).
edgewt(32,2,19).
edgewt(33,15,85).
edgewt(20,19,20).
edgewt(21,9,50).
edgewt(31,4,37).
edgewt(22,4,72).
edgewt(5,2,59).
edgewt(39,38,23).
edgewt(14,6,74).
edgewt(39,25,85).
edgewt(26,7,47).
edgewt(35,12,37).
edgewt(20,8,56).
edgewt(32,5,72).
edgewt(25,22,17).
edgewt(17,14,70).
edgewt(28,9,67).
edgewt(18,3,67).
edgewt(34,11,59).
edgewt(18,14,48).
edgewt(28,25,17).
edgewt(27,9,63).
edgewt(18,7,72).
edgewt(29,4,67).
edgewt(9,1,111).
edgewt(36,6,11).
edgewt(10,6,98).
edgewt(15,10,27).
edgewt(35,10,95).
edgewt(5,4,104).
edgewt(38,14,68).
edgewt(35,14,50).
edgewt(27,16,42).
edgewt(34,12,60).
edgewt(39,28,88).
edgewt(34,32,63).
edgewt(36,11,70).
edgewt(36,24,48).
edgewt(28,10,104).
edgewt(14,5,20).
edgewt(22,19,54).
edgewt(36,7,25).
edgewt(11,9,90).
edgewt(29,24,60).
edgewt(35,3,35).
edgewt(31,5,67).
edgewt(8,1,64).
edgewt(38,3,89).
edgewt(28,1,65).
edgewt(28,24,83).
edgewt(30,22,48).
edgewt(11,8,62).
edgewt(31,12,61).
edgewt(26,4,58).
edgewt(39,23,8).
edgewt(8,2,44).
edgewt(32,30,40).
edgewt(31,7,26).
edgewt(36,18,77).
edgewt(33,17,88).
edgewt(38,24,33).
edgewt(10,7,86).
edgewt(22,8,110).
edgewt(13,5,56).
edgewt(40,27,49).
edgewt(18,8,26).
edgewt(39,12,88).
edgewt(28,21,50).
edgewt(26,6,55).
edgewt(23,14,79).
edgewt(22,16,81).
edgewt(24,12,68).
edgewt(30,5,68).
edgewt(35,26,80).
edgewt(31,24,17).
edgewt(17,8,67).
edgewt(21,5,48).
edgewt(36,29,29).
edgewt(28,18,98).
edgewt(38,28,66).
edgewt(23,13,38).
edgewt(38,29,46).
edgewt(25,3,81).
edgewt(5,1,43).
edgewt(18,17,47).
edgewt(18,4,79).
edgewt(24,17,13).
edgewt(21,13,39).
edgewt(40,36,87).
edgewt(21,4,60).
edgewt(27,18,19).
edgewt(15,4,74).
edgewt(30,14,49).
edgewt(28,7,71).
edgewt(34,26,55).
edgewt(26,12,45).
edgewt(13,6,68).
edgewt(29,21,28).
edgewt(11,3,24).
edgewt(34,6,23).
edgewt(33,30,44).
edgewt(36,9,21).
edgewt(29,6,37).
edgewt(32,17,9).
edgewt(21,12,35).
edgewt(37,6,107).
edgewt(33,8,101).
edgewt(15,8,22).
edgewt(26,21,19).
edgewt(13,3,72).
edgewt(31,28,68).
edgewt(37,30,87).
edgewt(34,28,28).
edgewt(35,20,45).
edgewt(21,15,31).
edgewt(23,15,57).
edgewt(37,9,119).
edgewt(37,14,51).
edgewt(29,19,26).
edgewt(21,2,41).
edgewt(33,9,56).
edgewt(26,18,33).
edgewt(35,34,73).
edgewt(37,10,92).
edgewt(28,19,23).
edgewt(40,19,68).
edgewt(27,19,78).
edgewt(24,6,55).
edgewt(12,4,95).
edgewt(7,2,51).
edgewt(38,13,48).
vtx(1).
vtx(2).
vtx(3).
vtx(4).
vtx(5).
vtx(6).
vtx(7).
vtx(8).
vtx(9).
vtx(10).
vtx(11).
vtx(12).
vtx(13).
vtx(14).
vtx(15).
vtx(16).
vtx(17).
vtx(18).
vtx(19).
vtx(20).
vtx(21).
vtx(22).
vtx(23).
vtx(24).
vtx(25).
vtx(26).
vtx(27).
vtx(28).
vtx(29).
vtx(30).
vtx(31).
vtx(32).
vtx(33).
vtx(34).
vtx(35).
vtx(36).
vtx(37).
vtx(38).
vtx(39).
vtx(40).
