% vertices=40
% convexHullPoints=7
% convexHullArea=0.563799947735332
% mstWeight=640
% meanDistances=40.895
% sdDistances=25.0827568347564

edge(7,21).
edge(9,18).
edge(20,23).
edge(11,35).
edge(14,36).
edge(3,12).
edge(16,19).
edge(10,22).
edge(22,35).
edge(11,21).
edge(2,12).
edge(11,27).
edge(10,11).
edge(7,30).
edge(14,25).
edge(33,39).
edge(7,35).
edge(32,39).
edge(6,40).
edge(4,25).
edge(3,37).
edge(18,23).
edge(12,15).
edge(13,19).
edge(2,14).
edge(19,35).
edge(15,27).
edge(11,22).
edge(4,20).
edge(2,28).
edge(11,25).
edge(3,31).
edge(4,14).
edge(2,40).
edge(6,39).
edge(22,23).
edge(6,15).
edge(1,20).
edge(8,29).
edge(13,29).
edge(18,34).
edge(13,30).
edge(26,37).
edge(13,14).
edge(20,37).
edge(1,17).
edge(2,3).
edge(21,35).
edge(23,30).
edge(25,29).
edge(4,28).
edge(29,34).
edge(16,36).
edge(25,37).
edge(7,17).
edge(13,34).
edge(13,32).
edge(4,30).
edge(4,16).
edge(17,39).
edge(17,21).
edge(23,24).
edge(30,40).
edge(8,27).
edge(32,40).
edge(20,27).
edge(17,25).
edge(37,39).
edge(16,40).
edge(15,17).
edge(11,24).
edge(4,17).
edge(24,25).
edge(2,4).
edge(18,39).
edge(9,30).
edge(13,24).
edge(20,26).
edge(4,19).
edge(9,34).
edge(14,26).
edge(4,7).
edge(27,39).
edge(15,30).
edge(22,27).
edge(19,32).
edge(10,31).
edge(11,15).
edge(2,35).
edge(20,40).
edge(15,34).
edge(5,23).
edge(16,37).
edge(29,39).
edge(14,40).
edge(30,34).
edge(33,34).
edge(22,38).
edge(7,22).
edge(16,20).
edge(4,11).
edge(2,36).
edge(18,30).
edge(19,23).
edge(1,16).
edge(27,38).
edge(9,19).
edge(2,25).
edge(12,28).
edge(23,40).
edge(1,36).
edge(12,19).
edge(32,35).
edge(32,37).
edge(36,39).
edge(25,30).
edge(1,32).
edge(18,40).
edge(1,29).
edge(25,38).
edge(4,38).
edge(28,35).
edge(20,22).
edge(8,40).
edge(10,29).
edge(30,36).
edge(8,24).
edge(3,19).
edge(27,32).
edge(9,25).
edge(32,33).
edge(8,38).
edge(7,29).
edge(1,34).
edge(25,36).
edge(14,22).
edge(27,37).
edge(37,38).
edge(6,38).
edge(3,34).
edge(29,32).
edge(8,26).
edge(6,30).
edge(10,33).
edge(21,40).
edge(20,34).
edge(33,36).
edge(19,38).
edge(14,19).
edge(6,22).
edge(11,20).
edge(11,23).
edge(27,31).
edge(31,32).
edge(17,27).
edge(4,6).
edge(13,33).
edge(39,40).
edge(23,36).
edge(14,24).
edge(6,18).
edge(7,8).
edge(15,22).
edge(9,24).
edge(7,23).
edge(17,26).
edge(27,28).
edge(5,28).
edge(3,9).
edge(27,34).
edge(13,18).
edge(10,19).
edge(5,40).
edge(5,35).
edge(15,24).
edge(16,29).
edge(14,29).
edge(5,22).
edge(35,40).
edge(15,31).
edge(9,16).
edge(34,39).
edge(23,28).
edge(35,38).
edge(11,12).
edge(21,27).
edge(2,19).
edge(1,26).
edge(3,7).
edge(15,32).
edge(10,24).
edge(16,30).
edge(27,29).
edge(15,40).
edge(3,30).
edge(1,4).
edge(5,34).
edge(5,16).
edge(12,22).
edge(14,21).
edge(24,39).
edge(8,16).
edge(2,23).
edge(14,33).
edge(16,24).
edge(5,36).
edge(17,23).
edge(4,23).
edge(13,39).
edge(18,38).
edge(34,40).
edge(8,35).
edge(21,31).
edge(12,13).
edge(24,40).
edge(4,40).
edge(26,31).
edge(5,24).
edge(33,35).
edge(23,37).
edge(18,21).
edge(19,26).
edge(29,40).
edge(3,17).
edge(5,19).
edge(18,35).
edge(15,39).
edge(33,37).
edge(4,9).
edge(15,25).
edge(30,31).
edge(26,28).
edge(25,34).
edge(20,31).
edge(3,15).
edge(18,24).
edge(23,25).
edge(21,22).
edge(2,34).
edge(20,32).
edge(9,40).
edge(34,37).
edge(13,25).
edge(21,36).
edge(36,38).
edge(22,28).
edge(24,26).
edge(22,24).
edge(26,40).
edge(28,33).
edge(12,30).
edge(8,37).
edge(1,6).
edge(10,25).
edge(16,28).
edge(1,21).
edge(5,38).
edge(3,5).
edge(22,39).
edge(2,32).
edge(15,33).
edge(19,20).
edge(9,21).
edge(4,31).
edge(4,22).
edge(2,5).
edge(38,39).
edge(6,14).
edge(25,39).
edge(7,26).
edge(12,35).
edge(8,20).
edge(5,32).
edge(22,25).
edge(14,17).
edge(9,28).
edge(3,18).
edge(11,34).
edge(14,18).
edge(25,28).
edge(9,27).
edge(7,18).
edge(4,29).
edge(1,9).
edge(6,36).
edge(6,10).
edge(10,15).
edge(10,35).
edge(4,5).
edge(14,38).
edge(14,35).
edge(16,27).
edge(12,34).
edge(28,39).
edge(32,34).
edge(11,36).
edge(24,36).
edge(10,28).
edge(5,14).
edge(19,22).
edge(7,36).
edge(9,11).
edge(24,29).
edge(3,35).
edge(5,31).
edge(1,8).
edge(3,38).
edge(1,28).
edge(24,28).
edge(22,30).
edge(8,11).
edge(12,31).
edge(4,26).
edge(23,39).
edge(2,8).
edge(30,32).
edge(7,31).
edge(18,36).
edge(17,33).
edge(24,38).
edge(7,10).
edge(8,22).
edge(5,13).
edge(27,40).
edge(8,18).
edge(12,39).
edge(21,28).
edge(6,26).
edge(14,23).
edge(16,22).
edge(12,24).
edge(5,30).
edge(26,35).
edge(24,31).
edge(8,17).
edge(5,21).
edge(29,36).
edge(18,28).
edge(28,38).
edge(13,23).
edge(29,38).
edge(3,25).
edge(1,5).
edge(17,18).
edge(4,18).
edge(17,24).
edge(13,21).
edge(36,40).
edge(4,21).
edge(18,27).
edge(4,15).
edge(14,30).
edge(7,28).
edge(26,34).
edge(12,26).
edge(6,13).
edge(21,29).
edge(3,11).
edge(6,34).
edge(30,33).
edge(9,36).
edge(6,29).
edge(17,32).
edge(12,21).
edge(6,37).
edge(8,33).
edge(8,15).
edge(21,26).
edge(3,13).
edge(28,31).
edge(30,37).
edge(28,34).
edge(20,35).
edge(15,21).
edge(15,23).
edge(9,37).
edge(14,37).
edge(19,29).
edge(2,21).
edge(9,33).
edge(18,26).
edge(34,35).
edge(10,37).
edge(19,28).
edge(19,40).
edge(19,27).
edge(6,24).
edge(4,12).
edge(2,7).
edge(13,38).
edgewt(7,21,17).
edgewt(9,18,83).
edgewt(20,23,27).
edgewt(11,35,20).
edgewt(14,36,21).
edgewt(3,12,28).
edgewt(16,19,69).
edgewt(10,22,35).
edgewt(22,35,82).
edgewt(11,21,40).
edgewt(2,12,10).
edgewt(11,27,14).
edgewt(10,11,31).
edgewt(7,30,61).
edgewt(14,25,13).
edgewt(33,39,29).
edgewt(7,35,74).
edgewt(32,39,55).
edgewt(6,40,99).
edgewt(4,25,39).
edgewt(3,37,6).
edgewt(18,23,64).
edgewt(12,15,27).
edgewt(13,19,17).
edgewt(2,14,40).
edgewt(19,35,17).
edgewt(15,27,19).
edgewt(11,22,64).
edgewt(4,20,48).
edgewt(2,28,64).
edgewt(11,25,60).
edgewt(3,31,6).
edgewt(4,14,34).
edgewt(2,40,50).
edgewt(6,39,43).
edgewt(22,23,21).
edgewt(6,15,88).
edgewt(1,20,14).
edgewt(8,29,5).
edgewt(13,29,30).
edgewt(18,34,32).
edgewt(13,30,12).
edgewt(26,37,23).
edgewt(13,14,40).
edgewt(20,37,52).
edgewt(1,17,30).
edgewt(2,3,38).
edgewt(21,35,58).
edgewt(23,30,49).
edgewt(25,29,33).
edgewt(4,28,44).
edgewt(29,34,25).
edgewt(16,36,55).
edgewt(25,37,89).
edgewt(7,17,23).
edgewt(13,34,6).
edgewt(13,32,51).
edgewt(4,30,70).
edgewt(4,16,53).
edgewt(17,39,16).
edgewt(17,21,8).
edgewt(23,24,22).
edgewt(30,40,38).
edgewt(8,27,44).
edgewt(32,40,23).
edgewt(20,27,29).
edgewt(17,25,36).
edgewt(37,39,53).
edgewt(16,40,87).
edgewt(15,17,60).
edgewt(11,24,25).
edgewt(4,17,33).
edgewt(24,25,38).
edgewt(2,4,56).
edgewt(18,39,38).
edgewt(9,30,68).
edgewt(13,24,17).
edgewt(20,26,33).
edgewt(4,19,72).
edgewt(9,34,52).
edgewt(14,26,65).
edgewt(4,7,10).
edgewt(27,39,30).
edgewt(15,30,24).
edgewt(22,27,76).
edgewt(19,32,35).
edgewt(10,31,59).
edgewt(11,15,28).
edgewt(2,35,27).
edgewt(20,40,57).
edgewt(15,34,40).
edgewt(5,23,44).
edgewt(16,37,97).
edgewt(29,39,19).
edgewt(14,40,89).
edgewt(30,34,17).
edgewt(33,34,23).
edgewt(22,38,61).
edgewt(7,22,9).
edgewt(16,20,60).
edgewt(4,11,65).
edgewt(2,36,30).
edgewt(18,30,16).
edgewt(19,23,51).
edgewt(1,16,70).
edgewt(27,38,16).
edgewt(9,19,70).
edgewt(2,25,52).
edgewt(12,28,70).
edgewt(23,40,83).
edgewt(1,36,36).
edgewt(12,19,10).
edgewt(32,35,44).
edgewt(32,37,43).
edgewt(36,39,22).
edgewt(25,30,63).
edgewt(1,32,49).
edgewt(18,40,26).
edgewt(1,29,33).
edgewt(25,38,56).
edgewt(4,38,62).
edgewt(28,35,86).
edgewt(20,22,48).
edgewt(8,40,71).
edgewt(10,29,6).
edgewt(30,36,44).
edgewt(8,24,12).
edgewt(3,19,25).
edgewt(27,32,44).
edgewt(9,25,36).
edgewt(32,33,43).
edgewt(8,38,29).
edgewt(7,29,21).
edgewt(1,34,9).
edgewt(25,36,32).
edgewt(14,22,33).
edgewt(27,37,23).
edgewt(37,38,38).
edgewt(6,38,57).
edgewt(3,34,41).
edgewt(29,32,71).
edgewt(8,26,48).
edgewt(6,30,65).
edgewt(10,33,41).
edgewt(21,40,78).
edgewt(20,34,6).
edgewt(33,36,50).
edgewt(19,38,14).
edgewt(14,19,57).
edgewt(6,22,6).
edgewt(11,20,17).
edgewt(11,23,44).
edgewt(27,31,19).
edgewt(31,32,38).
edgewt(17,27,45).
edgewt(4,6,8).
edgewt(13,33,18).
edgewt(39,40,57).
edgewt(23,36,6).
edgewt(14,24,25).
edgewt(6,18,80).
edgewt(7,8,24).
edgewt(15,22,91).
edgewt(9,24,41).
edgewt(7,23,13).
edgewt(17,26,49).
edgewt(27,28,81).
edgewt(5,28,51).
edgewt(3,9,92).
edgewt(27,34,24).
edgewt(13,18,27).
edgewt(10,19,38).
edgewt(5,40,43).
edgewt(5,35,38).
edgewt(15,24,51).
edgewt(16,29,56).
edgewt(14,29,21).
edgewt(5,22,61).
edgewt(35,40,32).
edgewt(15,31,6).
edgewt(9,16,55).
edgewt(34,39,7).
edgewt(23,28,47).
edgewt(35,38,22).
edgewt(11,12,4).
edgewt(21,27,52).
edgewt(2,19,18).
edgewt(1,26,22).
edgewt(3,7,85).
edgewt(15,32,33).
edgewt(10,24,9).
edgewt(16,30,73).
edgewt(27,29,48).
edgewt(15,40,17).
edgewt(3,30,25).
edgewt(1,4,62).
edgewt(5,34,25).
edgewt(5,16,49).
edgewt(12,22,66).
edgewt(14,21,24).
edgewt(24,39,10).
edgewt(8,16,54).
edgewt(2,23,35).
edgewt(14,33,57).
edgewt(16,24,63).
edgewt(5,36,41).
edgewt(17,23,11).
edgewt(4,23,22).
edgewt(13,39,12).
edgewt(18,38,24).
edgewt(34,40,52).
edgewt(8,35,50).
edgewt(21,31,69).
edgewt(12,13,8).
edgewt(24,40,65).
edgewt(4,40,102).
edgewt(26,31,16).
edgewt(5,24,33).
edgewt(33,35,7).
edgewt(23,37,79).
edgewt(18,21,60).
edgewt(19,26,9).
edgewt(29,40,75).
edgewt(3,17,62).
edgewt(5,19,21).
edgewt(18,35,7).
edgewt(15,39,45).
edgewt(33,37,24).
edgewt(4,9,4).
edgewt(15,25,86).
edgewt(30,31,25).
edgewt(26,28,76).
edgewt(25,34,49).
edgewt(20,31,46).
edgewt(3,15,11).
edgewt(18,24,43).
edgewt(23,25,32).
edgewt(21,22,25).
edgewt(2,34,3).
edgewt(20,32,55).
edgewt(9,40,101).
edgewt(34,37,46).
edgewt(13,25,52).
edgewt(21,36,4).
edgewt(36,38,36).
edgewt(22,28,46).
edgewt(24,26,41).
edgewt(22,24,43).
edgewt(26,40,24).
edgewt(28,33,79).
edgewt(12,30,4).
edgewt(8,37,67).
edgewt(1,6,57).
edgewt(10,25,36).
edgewt(16,28,10).
edgewt(1,21,37).
edgewt(5,38,25).
edgewt(3,5,45).
edgewt(22,39,47).
edgewt(2,32,51).
edgewt(15,33,19).
edgewt(19,20,25).
edgewt(9,21,24).
edgewt(4,31,94).
edgewt(4,22,3).
edgewt(2,5,24).
edgewt(38,39,15).
edgewt(6,14,27).
edgewt(25,39,47).
edgewt(7,26,71).
edgewt(12,35,18).
edgewt(8,20,15).
edgewt(5,32,34).
edgewt(22,25,37).
edgewt(14,17,23).
edgewt(9,28,46).
edgewt(3,18,11).
edgewt(11,34,12).
edgewt(14,18,66).
edgewt(25,28,78).
edgewt(9,27,75).
edgewt(7,18,76).
edgewt(4,29,30).
edgewt(1,9,60).
edgewt(6,36,22).
edgewt(6,10,30).
edgewt(10,15,58).
edgewt(10,35,48).
edgewt(4,5,61).
edgewt(14,38,44).
edgewt(14,35,62).
edgewt(16,27,80).
edgewt(12,34,13).
edgewt(28,39,56).
edgewt(32,34,53).
edgewt(11,36,39).
edgewt(24,36,17).
edgewt(10,28,52).
edgewt(5,14,57).
edgewt(19,22,71).
edgewt(7,36,18).
edgewt(9,11,63).
edgewt(24,29,14).
edgewt(3,35,12).
edgewt(5,31,42).
edgewt(1,8,29).
edgewt(3,38,33).
edgewt(1,28,69).
edgewt(24,28,60).
edgewt(22,30,69).
edgewt(8,11,32).
edgewt(12,31,28).
edgewt(4,26,80).
edgewt(23,39,27).
edgewt(2,8,24).
edgewt(30,32,43).
edgewt(7,31,85).
edgewt(18,36,59).
edgewt(17,33,44).
edgewt(24,38,20).
edgewt(7,10,26).
edgewt(8,22,33).
edgewt(5,13,26).
edgewt(27,40,35).
edgewt(8,18,52).
edgewt(12,39,19).
edgewt(21,28,46).
edgewt(6,26,76).
edgewt(14,23,22).
edgewt(16,22,55).
edgewt(12,24,25).
edgewt(5,30,27).
edgewt(26,35,15).
edgewt(24,31,52).
edgewt(8,17,3).
edgewt(5,21,39).
edgewt(29,36,3).
edgewt(18,28,85).
edgewt(28,38,68).
edgewt(13,23,38).
edgewt(29,38,33).
edgewt(3,25,83).
edgewt(1,5,27).
edgewt(17,18,53).
edgewt(4,18,85).
edgewt(17,24,12).
edgewt(13,21,34).
edgewt(36,40,78).
edgewt(4,21,26).
edgewt(18,27,10).
edgewt(4,15,92).
edgewt(14,30,52).
edgewt(7,28,45).
edgewt(26,34,29).
edgewt(12,26,17).
edgewt(6,13,54).
edgewt(21,29,6).
edgewt(3,11,30).
edgewt(6,34,49).
edgewt(30,33,7).
edgewt(9,36,25).
edgewt(6,29,25).
edgewt(17,32,68).
edgewt(12,21,41).
edgewt(6,37,95).
edgewt(8,33,43).
edgewt(8,15,59).
edgewt(21,26,55).
edgewt(3,13,36).
edgewt(28,31,92).
edgewt(30,37,30).
edgewt(28,34,62).
edgewt(20,35,35).
edgewt(15,21,67).
edgewt(15,23,71).
edgewt(9,37,98).
edgewt(14,37,79).
edgewt(19,29,44).
edgewt(2,21,31).
edgewt(9,33,74).
edgewt(18,26,10).
edgewt(34,35,30).
edgewt(10,37,65).
edgewt(19,28,70).
edgewt(19,40,32).
edgewt(19,27,12).
edgewt(6,24,38).
edgewt(4,12,66).
edgewt(2,7,47).
edgewt(13,38,4).
edgewt(21,7,17).
edgewt(18,9,83).
edgewt(23,20,27).
edgewt(35,11,20).
edgewt(36,14,21).
edgewt(12,3,28).
edgewt(19,16,69).
edgewt(22,10,35).
edgewt(35,22,82).
edgewt(21,11,40).
edgewt(12,2,10).
edgewt(27,11,14).
edgewt(11,10,31).
edgewt(30,7,61).
edgewt(25,14,13).
edgewt(39,33,29).
edgewt(35,7,74).
edgewt(39,32,55).
edgewt(40,6,99).
edgewt(25,4,39).
edgewt(37,3,6).
edgewt(23,18,64).
edgewt(15,12,27).
edgewt(19,13,17).
edgewt(14,2,40).
edgewt(35,19,17).
edgewt(27,15,19).
edgewt(22,11,64).
edgewt(20,4,48).
edgewt(28,2,64).
edgewt(25,11,60).
edgewt(31,3,6).
edgewt(14,4,34).
edgewt(40,2,50).
edgewt(39,6,43).
edgewt(23,22,21).
edgewt(15,6,88).
edgewt(20,1,14).
edgewt(29,8,5).
edgewt(29,13,30).
edgewt(34,18,32).
edgewt(30,13,12).
edgewt(37,26,23).
edgewt(14,13,40).
edgewt(37,20,52).
edgewt(17,1,30).
edgewt(3,2,38).
edgewt(35,21,58).
edgewt(30,23,49).
edgewt(29,25,33).
edgewt(28,4,44).
edgewt(34,29,25).
edgewt(36,16,55).
edgewt(37,25,89).
edgewt(17,7,23).
edgewt(34,13,6).
edgewt(32,13,51).
edgewt(30,4,70).
edgewt(16,4,53).
edgewt(39,17,16).
edgewt(21,17,8).
edgewt(24,23,22).
edgewt(40,30,38).
edgewt(27,8,44).
edgewt(40,32,23).
edgewt(27,20,29).
edgewt(25,17,36).
edgewt(39,37,53).
edgewt(40,16,87).
edgewt(17,15,60).
edgewt(24,11,25).
edgewt(17,4,33).
edgewt(25,24,38).
edgewt(4,2,56).
edgewt(39,18,38).
edgewt(30,9,68).
edgewt(24,13,17).
edgewt(26,20,33).
edgewt(19,4,72).
edgewt(34,9,52).
edgewt(26,14,65).
edgewt(7,4,10).
edgewt(39,27,30).
edgewt(30,15,24).
edgewt(27,22,76).
edgewt(32,19,35).
edgewt(31,10,59).
edgewt(15,11,28).
edgewt(35,2,27).
edgewt(40,20,57).
edgewt(34,15,40).
edgewt(23,5,44).
edgewt(37,16,97).
edgewt(39,29,19).
edgewt(40,14,89).
edgewt(34,30,17).
edgewt(34,33,23).
edgewt(38,22,61).
edgewt(22,7,9).
edgewt(20,16,60).
edgewt(11,4,65).
edgewt(36,2,30).
edgewt(30,18,16).
edgewt(23,19,51).
edgewt(16,1,70).
edgewt(38,27,16).
edgewt(19,9,70).
edgewt(25,2,52).
edgewt(28,12,70).
edgewt(40,23,83).
edgewt(36,1,36).
edgewt(19,12,10).
edgewt(35,32,44).
edgewt(37,32,43).
edgewt(39,36,22).
edgewt(30,25,63).
edgewt(32,1,49).
edgewt(40,18,26).
edgewt(29,1,33).
edgewt(38,25,56).
edgewt(38,4,62).
edgewt(35,28,86).
edgewt(22,20,48).
edgewt(40,8,71).
edgewt(29,10,6).
edgewt(36,30,44).
edgewt(24,8,12).
edgewt(19,3,25).
edgewt(32,27,44).
edgewt(25,9,36).
edgewt(33,32,43).
edgewt(38,8,29).
edgewt(29,7,21).
edgewt(34,1,9).
edgewt(36,25,32).
edgewt(22,14,33).
edgewt(37,27,23).
edgewt(38,37,38).
edgewt(38,6,57).
edgewt(34,3,41).
edgewt(32,29,71).
edgewt(26,8,48).
edgewt(30,6,65).
edgewt(33,10,41).
edgewt(40,21,78).
edgewt(34,20,6).
edgewt(36,33,50).
edgewt(38,19,14).
edgewt(19,14,57).
edgewt(22,6,6).
edgewt(20,11,17).
edgewt(23,11,44).
edgewt(31,27,19).
edgewt(32,31,38).
edgewt(27,17,45).
edgewt(6,4,8).
edgewt(33,13,18).
edgewt(40,39,57).
edgewt(36,23,6).
edgewt(24,14,25).
edgewt(18,6,80).
edgewt(8,7,24).
edgewt(22,15,91).
edgewt(24,9,41).
edgewt(23,7,13).
edgewt(26,17,49).
edgewt(28,27,81).
edgewt(28,5,51).
edgewt(9,3,92).
edgewt(34,27,24).
edgewt(18,13,27).
edgewt(19,10,38).
edgewt(40,5,43).
edgewt(35,5,38).
edgewt(24,15,51).
edgewt(29,16,56).
edgewt(29,14,21).
edgewt(22,5,61).
edgewt(40,35,32).
edgewt(31,15,6).
edgewt(16,9,55).
edgewt(39,34,7).
edgewt(28,23,47).
edgewt(38,35,22).
edgewt(12,11,4).
edgewt(27,21,52).
edgewt(19,2,18).
edgewt(26,1,22).
edgewt(7,3,85).
edgewt(32,15,33).
edgewt(24,10,9).
edgewt(30,16,73).
edgewt(29,27,48).
edgewt(40,15,17).
edgewt(30,3,25).
edgewt(4,1,62).
edgewt(34,5,25).
edgewt(16,5,49).
edgewt(22,12,66).
edgewt(21,14,24).
edgewt(39,24,10).
edgewt(16,8,54).
edgewt(23,2,35).
edgewt(33,14,57).
edgewt(24,16,63).
edgewt(36,5,41).
edgewt(23,17,11).
edgewt(23,4,22).
edgewt(39,13,12).
edgewt(38,18,24).
edgewt(40,34,52).
edgewt(35,8,50).
edgewt(31,21,69).
edgewt(13,12,8).
edgewt(40,24,65).
edgewt(40,4,102).
edgewt(31,26,16).
edgewt(24,5,33).
edgewt(35,33,7).
edgewt(37,23,79).
edgewt(21,18,60).
edgewt(26,19,9).
edgewt(40,29,75).
edgewt(17,3,62).
edgewt(19,5,21).
edgewt(35,18,7).
edgewt(39,15,45).
edgewt(37,33,24).
edgewt(9,4,4).
edgewt(25,15,86).
edgewt(31,30,25).
edgewt(28,26,76).
edgewt(34,25,49).
edgewt(31,20,46).
edgewt(15,3,11).
edgewt(24,18,43).
edgewt(25,23,32).
edgewt(22,21,25).
edgewt(34,2,3).
edgewt(32,20,55).
edgewt(40,9,101).
edgewt(37,34,46).
edgewt(25,13,52).
edgewt(36,21,4).
edgewt(38,36,36).
edgewt(28,22,46).
edgewt(26,24,41).
edgewt(24,22,43).
edgewt(40,26,24).
edgewt(33,28,79).
edgewt(30,12,4).
edgewt(37,8,67).
edgewt(6,1,57).
edgewt(25,10,36).
edgewt(28,16,10).
edgewt(21,1,37).
edgewt(38,5,25).
edgewt(5,3,45).
edgewt(39,22,47).
edgewt(32,2,51).
edgewt(33,15,19).
edgewt(20,19,25).
edgewt(21,9,24).
edgewt(31,4,94).
edgewt(22,4,3).
edgewt(5,2,24).
edgewt(39,38,15).
edgewt(14,6,27).
edgewt(39,25,47).
edgewt(26,7,71).
edgewt(35,12,18).
edgewt(20,8,15).
edgewt(32,5,34).
edgewt(25,22,37).
edgewt(17,14,23).
edgewt(28,9,46).
edgewt(18,3,11).
edgewt(34,11,12).
edgewt(18,14,66).
edgewt(28,25,78).
edgewt(27,9,75).
edgewt(18,7,76).
edgewt(29,4,30).
edgewt(9,1,60).
edgewt(36,6,22).
edgewt(10,6,30).
edgewt(15,10,58).
edgewt(35,10,48).
edgewt(5,4,61).
edgewt(38,14,44).
edgewt(35,14,62).
edgewt(27,16,80).
edgewt(34,12,13).
edgewt(39,28,56).
edgewt(34,32,53).
edgewt(36,11,39).
edgewt(36,24,17).
edgewt(28,10,52).
edgewt(14,5,57).
edgewt(22,19,71).
edgewt(36,7,18).
edgewt(11,9,63).
edgewt(29,24,14).
edgewt(35,3,12).
edgewt(31,5,42).
edgewt(8,1,29).
edgewt(38,3,33).
edgewt(28,1,69).
edgewt(28,24,60).
edgewt(30,22,69).
edgewt(11,8,32).
edgewt(31,12,28).
edgewt(26,4,80).
edgewt(39,23,27).
edgewt(8,2,24).
edgewt(32,30,43).
edgewt(31,7,85).
edgewt(36,18,59).
edgewt(33,17,44).
edgewt(38,24,20).
edgewt(10,7,26).
edgewt(22,8,33).
edgewt(13,5,26).
edgewt(40,27,35).
edgewt(18,8,52).
edgewt(39,12,19).
edgewt(28,21,46).
edgewt(26,6,76).
edgewt(23,14,22).
edgewt(22,16,55).
edgewt(24,12,25).
edgewt(30,5,27).
edgewt(35,26,15).
edgewt(31,24,52).
edgewt(17,8,3).
edgewt(21,5,39).
edgewt(36,29,3).
edgewt(28,18,85).
edgewt(38,28,68).
edgewt(23,13,38).
edgewt(38,29,33).
edgewt(25,3,83).
edgewt(5,1,27).
edgewt(18,17,53).
edgewt(18,4,85).
edgewt(24,17,12).
edgewt(21,13,34).
edgewt(40,36,78).
edgewt(21,4,26).
edgewt(27,18,10).
edgewt(15,4,92).
edgewt(30,14,52).
edgewt(28,7,45).
edgewt(34,26,29).
edgewt(26,12,17).
edgewt(13,6,54).
edgewt(29,21,6).
edgewt(11,3,30).
edgewt(34,6,49).
edgewt(33,30,7).
edgewt(36,9,25).
edgewt(29,6,25).
edgewt(32,17,68).
edgewt(21,12,41).
edgewt(37,6,95).
edgewt(33,8,43).
edgewt(15,8,59).
edgewt(26,21,55).
edgewt(13,3,36).
edgewt(31,28,92).
edgewt(37,30,30).
edgewt(34,28,62).
edgewt(35,20,35).
edgewt(21,15,67).
edgewt(23,15,71).
edgewt(37,9,98).
edgewt(37,14,79).
edgewt(29,19,44).
edgewt(21,2,31).
edgewt(33,9,74).
edgewt(26,18,10).
edgewt(35,34,30).
edgewt(37,10,65).
edgewt(28,19,70).
edgewt(40,19,32).
edgewt(27,19,12).
edgewt(24,6,38).
edgewt(12,4,66).
edgewt(7,2,47).
edgewt(38,13,4).
vtx(1).
vtx(2).
vtx(3).
vtx(4).
vtx(5).
vtx(6).
vtx(7).
vtx(8).
vtx(9).
vtx(10).
vtx(11).
vtx(12).
vtx(13).
vtx(14).
vtx(15).
vtx(16).
vtx(17).
vtx(18).
vtx(19).
vtx(20).
vtx(21).
vtx(22).
vtx(23).
vtx(24).
vtx(25).
vtx(26).
vtx(27).
vtx(28).
vtx(29).
vtx(30).
vtx(31).
vtx(32).
vtx(33).
vtx(34).
vtx(35).
vtx(36).
vtx(37).
vtx(38).
vtx(39).
vtx(40).
